File: D:\ML4VRP2024\Instances\CVRP\json\X-n186-k15.json exists.
Route #1: 26 124 88 22 15 116 103 163 144 1 32 23 105 31 
Route #2: 2 69 159 184 129 71 135 12 89 98 20 66 94 
Route #3: 42 72 164 52 100 142 156 115 3 17 80 
Route #4: 28 172 68 176 155 58 13 171 85 24 173 4 
Route #5: 107 38 41 43 181 175 5 45 91 39 97 29 
Route #6: 59 37 130 185 131 10 6 133 160 25 109 90 7 
Route #7: 14 8 132 34 148 165 63 70 179 50 92 21 138 
Route #8: 93 30 182 183 9 77 16 19 35 180 11 54 112 
Route #9: 121 40 18 101 96 174 178 114 113 79 161 149 110 
Route #10: 108 170 74 128 82 99 84 27 102 151 122 139 
Route #11: 49 126 140 73 119 33 104 177 64 117 65 44 
Route #12: 67 86 145 87 83 134 78 75 36 61 118 157 
Route #13: 152 166 153 127 141 167 56 62 46 57 
Route #14: 158 143 47 123 120 125 137 55 147 169 146 76 48 
Route #15: 60 111 53 154 162 168 95 136 51 150 106 81 
