File: D:\ML4VRP2024\Instances\CVRP\json\X-n176-k26.json exists.
Route #1: 165 70 163 54 109 1 100 170 95 164 
Route #2: 153 62 2 73 159 102 72 136 137 89 82 
Route #3: 98 171 3 93 58 121 84 113 
Route #4: 156 92 42 51 53 55 4 
Route #5: 138 40 88 174 49 130 5 108 
Route #6: 6 97 132 43 
Route #7: 44 7 
Route #8: 157 127 101 161 155 8 
Route #9: 9 115 87 107 126 152 105 112 146 
Route #10: 10 79 
Route #11: 144 11 133 45 
Route #12: 12 
Route #13: 131 13 85 
Route #14: 175 143 14 120 26 166 
Route #15: 122 60 111 172 15 123 145 
Route #16: 63 149 16 78 
Route #17: 114 67 124 47 17 
Route #18: 18 50 141 
Route #19: 36 19 
Route #20: 39 139 140 20 116 
Route #21: 21 
Route #22: 148 154 99 22 86 64 117 
Route #23: 56 106 32 23 59 
Route #24: 135 151 65 74 41 173 24 81 125 
Route #25: 90 31 167 25 
Route #26: 66 27 150 46 94 
Route #27: 28 80 
Route #28: 134 29 110 
Route #29: 30 69 75 33 103 96 168 147 
Route #30: 34 158 162 52 
Route #31: 142 35 
Route #32: 169 61 160 76 129 37 68 
Route #33: 104 118 71 57 91 77 119 48 83 38 128 
