File: D:\ML4VRP2024\Instances\CVRP\json\X-n153-k22.json exists.
Route #1: 41 144 1 60 92 
Route #2: 2 121 133 91 
Route #3: 130 146 68 138 3 96 
Route #4: 4 
Route #5: 102 149 15 5 125 
Route #6: 7 6 38 
Route #7: 83 8 90 128 73 142 54 44 135 76 
Route #8: 47 40 9 99 
Route #9: 10 59 
Route #10: 71 11 69 58 108 140 
Route #11: 112 12 116 46 126 31 119 
Route #12: 34 13 
Route #13: 74 88 105 110 14 66 145 109 150 
Route #14: 16 93 152 70 137 
Route #15: 53 57 36 124 104 64 82 115 75 17 134 94 
Route #16: 33 63 37 52 103 81 114 18 97 118 151 43 56 127 
Route #17: 143 55 19 
Route #18: 20 72 132 
Route #19: 21 42 95 
Route #20: 51 122 22 100 
Route #21: 139 23 86 
Route #22: 129 49 113 123 136 79 24 67 35 106 
Route #23: 25 
Route #24: 84 26 
Route #25: 107 120 78 61 101 62 32 27 
Route #26: 39 89 28 
Route #27: 87 141 29 
Route #28: 30 80 
Route #29: 117 45 98 50 85 48 77 148 147 65 131 111 
