File: D:\ML4VRP2024\Instances\CVRP\json\X-n181-k23.json exists.
Route #1: 101 120 22 81 1 16 50 94 
Route #2: 149 2 89 85 63 26 116 92 
Route #3: 68 109 161 93 3 20 96 171 
Route #4: 45 123 57 113 34 97 4 53 
Route #5: 55 71 24 135 5 62 86 23 
Route #6: 126 6 41 25 66 46 74 146 
Route #7: 162 7 33 134 83 125 167 87 
Route #8: 114 67 73 176 98 124 144 8 
Route #9: 142 19 137 107 14 9 36 158 
Route #10: 138 115 10 178 156 177 15 37 
Route #11: 143 47 11 49 60 128 30 79 
Route #12: 104 165 108 12 121 70 76 18 
Route #13: 145 180 13 77 136 129 133 28 
Route #14: 17 179 105 64 43 111 54 127 
Route #15: 130 88 78 102 21 58 80 159 
Route #16: 52 51 27 122 29 157 42 84 
Route #17: 170 155 31 75 118 40 150 164 
Route #18: 132 44 61 65 169 32 140 131 
Route #19: 174 110 175 117 35 151 39 147 
Route #20: 59 38 154 99 56 173 119 69 
Route #21: 48 168 72 91 153 82 166 103 
Route #22: 152 95 163 90 
Route #23: 148 112 139 106 160 172 141 100 
