File: D:\ML4VRP2024\Instances\CVRP\json\X-n275-k28.json exists.
Route #1: 32 176 1 19 199 8 45 4 35 63 
Route #2: 179 246 2 182 244 142 34 211 55 256 
Route #3: 128 220 40 162 197 3 54 263 264 66 
Route #4: 15 125 242 11 218 132 164 267 5 101 
Route #5: 243 51 50 178 6 28 59 12 237 70 
Route #6: 56 240 49 43 274 110 69 94 7 140 
Route #7: 225 253 272 159 89 145 198 269 65 9 
Route #8: 169 227 10 255 18 121 231 271 154 153 
Route #9: 235 193 157 77 241 13 239 93 52 30 
Route #10: 183 68 258 14 80 76 187 247 228 233 
Route #11: 188 24 175 156 16 147 266 133 177 202 
Route #12: 17 203 105 205 143 137 48 72 259 131 
Route #13: 20 135 213 129 38 47 83 149 174 78 
Route #14: 21 136 185 262 207 219 108 91 109 236 
Route #15: 75 22 85 106 144 186 61 139 148 134 
Route #16: 161 97 23 141 268 260 25 126 234 248 
Route #17: 204 116 26 254 53 57 33 208 221 172 
Route #18: 74 181 104 184 194 257 27 222 120 180 
Route #19: 29 214 167 251 261 200 102 151 130 46 
Route #20: 171 31 165 41 90 170 122 249 209 245 
Route #21: 238 250 96 103 58 114 36 155 189 115 
Route #22: 190 117 82 62 160 123 111 37 95 217 
Route #23: 92 79 84 44 39 191 98 223 81 270 
Route #24: 86 60 119 73 226 146 107 168 273 42 
Route #25: 212 265 173 192 195 99 210 64 201 127 
Route #26: 163 112 215 87 67 232 224 150 229 166 
Route #27: 196 71 113 216 
Route #28: 124 138 152 206 230 158 118 252 88 100 
