File: D:\ML4VRP2024\Instances\CVRP\json\X-n214-k11.json exists.
Route #1: 101 58 158 103 207 35 1 126 111 57 128 134 44 145 150 184 95 113 203 
Route #2: 124 99 135 167 40 53 117 45 144 48 62 91 147 2 156 177 204 104 212 94 74 29 
Route #3: 55 36 92 179 162 131 30 3 199 60 142 87 196 110 18 176 15 19 194 119 
Route #4: 71 65 4 72 123 155 21 197 79 42 108 146 90 86 54 9 198 
Route #5: 172 7 186 11 68 132 129 5 41 157 141 130 188 88 43 
Route #6: 169 6 116 70 23 105 107 32 174 211 52 25 170 8 61 89 66 51 164 37 
Route #7: 96 137 47 80 49 191 206 10 149 46 166 76 78 82 33 120 39 38 73 125 173 50 201 
Route #8: 152 209 153 190 161 20 205 12 121 127 109 31 213 148 26 102 183 
Route #9: 13 93 181 27 168 175 180 97 136 182 115 59 159 195 56 81 22 
Route #10: 138 143 140 202 112 154 67 75 28 100 165 85 69 14 16 114 122 
Route #11: 193 106 83 210 64 200 189 160 163 187 17 63 34 133 98 77 139 178 171 192 
Route #12: 151 84 24 208 118 185 
