File: D:\ML4VRP2024\Instances\CVRP\json\X-n294-k50.json exists.
Route #1: 269 131 117 30 1 4 
Route #2: 201 2 194 83 253 59 
Route #3: 190 233 238 3 
Route #4: 103 5 145 67 193 52 
Route #5: 6 79 166 121 
Route #6: 176 245 7 
Route #7: 74 222 119 8 229 29 182 
Route #8: 78 9 200 202 165 
Route #9: 88 178 76 266 206 10 151 
Route #10: 246 268 99 11 
Route #11: 210 12 276 214 148 275 
Route #12: 232 217 284 13 277 
Route #13: 45 163 260 132 254 127 87 249 14 
Route #14: 16 159 66 255 175 73 15 
Route #15: 265 51 34 63 17 68 209 
Route #16: 196 18 191 139 137 258 
Route #17: 24 235 35 141 19 112 
Route #18: 263 20 49 134 25 
Route #19: 207 274 219 118 167 21 129 
Route #20: 89 64 22 105 225 164 
Route #21: 23 80 152 
Route #22: 100 218 211 143 278 26 155 
Route #23: 195 36 27 250 262 
Route #24: 224 28 292 56 241 
Route #25: 169 31 84 114 256 
Route #26: 32 111 136 
Route #27: 130 46 144 289 33 186 124 
Route #28: 261 170 147 283 230 146 251 171 37 
Route #29: 157 101 77 168 172 174 38 
Route #30: 133 39 53 47 212 
Route #31: 239 54 102 40 
Route #32: 226 220 290 140 128 122 41 
Route #33: 150 208 108 42 286 138 
Route #34: 43 271 106 85 109 153 107 
Route #35: 273 44 179 113 240 
Route #36: 116 221 291 48 
Route #37: 281 50 82 162 90 
Route #38: 55 125 236 264 
Route #39: 180 104 185 71 70 57 60 
Route #40: 91 223 58 135 237 86 
Route #41: 215 61 213 234 
Route #42: 154 156 204 62 197 
Route #43: 203 280 65 
Route #44: 69 188 115 184 
Route #45: 288 92 72 279 243 205 
Route #46: 231 259 270 257 75 
Route #47: 189 149 81 227 
Route #48: 287 93 173 272 
Route #49: 98 177 110 248 94 
Route #50: 267 285 198 95 123 
Route #51: 97 158 96 183 161 
Route #52: 126 120 252 
Route #53: 187 199 192 228 142 
Route #54: 160 293 282 242 
Route #55: 244 216 181 247 
