File: D:\ML4VRP2024\Instances\CVRP\json\X-n256-k16.json exists.
Route #1: 40 194 116 10 69 76 1 209 126 79 180 162 96 144 129 
Route #2: 54 134 254 220 186 100 131 66 255 191 2 9 135 117 74 
Route #3: 201 217 197 15 62 67 158 145 153 3 104 57 28 46 42 
Route #4: 167 122 50 77 64 4 179 213 60 88 124 215 177 29 71 
Route #5: 148 132 26 36 59 53 63 5 123 243 207 235 170 137 152 78 
Route #6: 130 168 169 228 206 55 73 253 120 6 196 231 224 94 223 31 
Route #7: 240 184 150 205 34 99 7 89 108 18 125 190 80 138 227 
Route #8: 234 175 56 115 133 142 8 72 102 163 97 239 113 81 208 195 
Route #9: 218 141 11 174 210 149 35 232 13 21 38 121 236 204 20 147 
Route #10: 12 105 39 216 176 92 172 91 14 230 202 229 247 143 252 199 
Route #11: 249 246 214 185 95 51 171 221 107 16 17 226 30 109 127 
Route #12: 173 219 84 22 23 19 237 155 65 119 93 70 68 187 24 
Route #13: 33 82 106 193 198 166 225 48 181 47 128 164 86 87 25 
Route #14: 192 151 233 43 189 212 44 203 200 27 156 183 160 139 101 
Route #15: 146 114 112 37 41 238 32 85 111 
Route #16: 140 250 154 248 188 159 211 58 98 242 245 118 241 45 182 
Route #17: 61 83 90 52 244 165 49 251 136 222 103 178 157 110 75 161 
