File: D:\ML4VRP2024\Instances\CVRP\json\X-n233-k16.json exists.
Route #1: 181 21 206 173 139 18 55 1 
Route #2: 112 166 4 2 106 77 8 64 
Route #3: 116 62 7 31 82 58 3 23 
Route #4: 67 51 99 228 46 153 126 75 222 111 85 30 17 5 141 183 129 147 63 218 118 130 175 219 
Route #5: 180 135 224 176 193 117 223 191 172 92 145 6 114 87 84 197 
Route #6: 49 199 178 195 214 159 162 174 217 158 119 232 196 144 70 88 9 44 95 167 36 94 12 140 83 210 
Route #7: 155 10 220 226 60 42 89 81 
Route #8: 11 50 61 134 164 120 100 
Route #9: 13 179 182 34 132 123 169 142 188 187 149 185 104 225 156 184 198 207 171 103 216 22 203 231 202 
Route #10: 91 205 208 14 54 200 189 194 
Route #11: 230 74 133 47 90 76 41 79 29 113 177 25 37 190 78 20 52 15 
Route #12: 170 57 56 43 97 35 16 101 
Route #13: 65 107 124 212 161 157 168 115 138 227 137 66 127 19 136 32 105 
Route #14: 72 102 201 69 96 163 121 229 33 209 125 154 150 24 26 73 204 152 
Route #15: 40 80 27 48 93 109 86 28 
Route #16: 39 68 108 45 71 38 110 
Route #17: 151 160 211 221 122 143 213 165 148 186 146 128 131 192 98 215 53 59 
