File: D:\ML4VRP2024\Instances\CVRP\json\X-n284-k15.json exists.
Route #1: 122 29 78 28 136 234 1 212 65 145 41 224 189 207 83 92 102 
Route #2: 37 283 32 113 105 99 52 233 267 82 151 254 94 184 2 16 26 71 
Route #3: 276 221 63 266 157 243 227 13 209 217 150 253 245 66 178 165 90 3 220 79 
Route #4: 87 21 35 260 278 219 17 228 244 158 60 183 4 57 208 112 257 137 
Route #5: 51 146 18 271 149 173 118 213 5 31 10 124 156 232 187 107 264 103 268 11 44 
Route #6: 250 6 214 39 153 126 43 211 25 275 115 196 45 67 215 185 176 117 
Route #7: 53 97 177 19 193 129 76 161 110 223 75 27 119 46 179 195 237 59 255 7 58 
Route #8: 210 114 160 154 279 133 69 246 272 42 226 182 64 139 180 163 12 8 89 84 200 74 
Route #9: 230 206 168 252 24 191 236 204 262 203 47 242 9 40 270 131 111 143 15 
Route #10: 104 95 256 30 55 277 120 147 48 121 159 14 190 249 134 201 56 81 265 132 216 238 167 175 
Route #11: 116 172 186 125 100 258 274 61 20 251 54 280 138 109 259 269 164 261 235 
Route #12: 22 218 93 241 49 98 174 62 282 229 33 70 239 68 144 169 101 128 123 263 
Route #13: 80 247 197 91 171 222 73 23 
Route #14: 188 199 152 225 170 248 205 72 192 162 77 198 86 130 127 34 231 
Route #15: 155 273 96 85 240 106 50 281 135 38 166 181 141 194 142 36 148 140 88 108 202 
