File: D:\ML4VRP2024\Instances\CVRP\json\X-n204-k19.json exists.
Route #1: 159 193 188 172 1 133 154 8 9 187 111 112 
Route #2: 5 176 2 124 62 18 116 119 144 48 
Route #3: 61 74 3 87 13 25 59 4 31 41 23 
Route #4: 42 21 73 85 92 86 29 6 28 24 69 
Route #5: 58 17 43 33 39 84 95 67 7 64 
Route #6: 117 81 10 191 138 76 115 168 97 196 175 
Route #7: 141 140 51 11 94 40 56 54 91 66 110 156 
Route #8: 194 109 152 182 200 12 136 148 36 101 
Route #9: 145 201 44 102 14 137 57 163 184 180 103 
Route #10: 177 167 131 123 169 164 65 78 100 34 15 
Route #11: 90 170 106 155 16 198 181 150 202 135 53 
Route #12: 183 26 189 38 83 75 113 160 19 80 49 
Route #13: 63 45 50 20 46 82 35 60 37 88 
Route #14: 22 125 192 108 178 107 171 161 130 
Route #15: 96 77 79 153 157 122 105 162 71 179 27 
Route #16: 173 186 120 99 72 30 174 32 128 143 52 
Route #17: 118 98 166 134 68 126 149 47 129 121 
Route #18: 142 147 185 55 197 139 89 93 165 146 158 
Route #19: 151 104 70 190 114 132 127 195 199 203 
