File: D:\ML4VRP2024\Instances\CVRP\json\X-n209-k16.json exists.
Route #1: 198 69 180 22 133 90 8 51 120 61 83 66 1 
Route #2: 48 168 160 52 59 174 126 113 2 117 139 195 41 
Route #3: 80 208 86 3 124 23 158 171 32 94 109 
Route #4: 144 204 118 10 151 93 4 9 191 46 141 
Route #5: 183 45 199 72 84 98 152 44 14 5 95 57 
Route #6: 159 143 127 43 60 196 116 6 125 193 92 107 12 
Route #7: 102 91 64 31 67 192 170 129 73 7 153 115 28 11 
Route #8: 76 164 55 146 79 137 145 13 62 140 184 150 154 
Route #9: 65 18 119 40 178 75 97 111 112 39 15 35 25 81 
Route #10: 16 132 68 78 58 187 149 77 188 122 181 142 147 106 
Route #11: 34 38 56 173 203 165 17 27 99 96 166 37 172 
Route #12: 194 21 19 87 163 104 114 135 89 123 134 36 179 185 202 
Route #13: 131 177 128 169 110 105 53 136 63 20 71 207 82 
Route #14: 201 186 138 121 167 162 30 197 85 157 24 189 182 
Route #15: 88 161 47 54 29 205 100 70 49 26 156 33 155 
Route #16: 190 175 50 103 200 176 42 130 101 206 148 108 74 
