File: D:\ML4VRP2024\Instances\CVRP\json\X-n251-k28.json exists.
Route #1: 1 186 199 10 60 120 61 104 48 100 
Route #2: 38 2 19 185 233 132 196 208 
Route #3: 37 20 229 4 81 23 14 3 21 
Route #4: 5 83 36 16 197 134 63 88 30 
Route #5: 6 139 226 163 24 129 216 180 44 
Route #6: 90 95 78 85 7 98 142 58 106 
Route #7: 71 66 215 181 175 165 8 
Route #8: 79 73 96 87 9 113 110 179 
Route #9: 107 97 121 112 111 53 11 35 69 
Route #10: 119 75 54 125 91 12 56 99 109 
Route #11: 101 144 245 149 72 13 188 232 123 
Route #12: 15 25 183 191 220 135 167 182 221 
Route #13: 137 17 195 62 67 189 177 141 211 
Route #14: 80 41 50 33 18 89 29 93 43 122 
Route #15: 103 40 243 82 178 240 22 146 164 34 
Route #16: 169 26 59 52 32 74 115 105 
Route #17: 47 65 250 92 27 57 70 68 49 
Route #18: 31 108 198 222 28 172 210 145 171 
Route #19: 206 39 200 147 227 176 159 219 
Route #20: 42 214 133 160 173 154 94 117 204 
Route #21: 238 45 236 168 239 143 84 124 51 
Route #22: 213 155 242 46 249 151 77 194 193 
Route #23: 118 55 158 138 148 218 202 223 
Route #24: 116 86 136 130 64 
Route #25: 102 152 228 235 203 161 237 230 76 
Route #26: 157 184 127 192 150 166 153 114 
Route #27: 174 212 170 224 231 126 162 241 225 
Route #28: 244 205 190 234 246 140 128 131 
Route #29: 187 207 248 209 247 201 156 217 
