File: D:\ML4VRP2024\Instances\CVRP\json\X-n237-k14.json exists.
Route #1: 184 148 1 203 232 143 7 138 22 95 93 112 121 221 115 31 218 155 
Route #2: 157 67 130 2 145 195 27 149 68 52 88 128 202 34 96 204 234 124 
Route #3: 212 186 235 137 78 181 179 82 21 168 164 231 227 104 198 3 161 57 
Route #4: 175 23 97 77 54 71 194 163 4 141 209 199 17 75 226 63 187 176 
Route #5: 192 59 189 150 50 87 135 114 162 201 205 84 26 228 107 89 61 5 
Route #6: 177 230 236 165 91 170 6 69 197 119 140 171 144 103 211 123 156 125 
Route #7: 8 48 146 215 169 81 110 136 92 15 142 64 16 98 193 60 12 99 
Route #8: 28 9 108 100 25 10 13 225 40 126 90 30 191 188 233 174 94 37 
Route #9: 106 74 131 11 160 116 153 178 35 214 152 45 206 111 53 182 39 56 
Route #10: 224 183 14 167 122 83 105 129 173 229 33 223 217 166 86 210 213 158 
Route #11: 109 65 118 102 133 207 220 180 200 18 80 19 55 42 41 172 154 117 
Route #12: 43 185 196 51 29 120 20 159 147 76 36 216 208 139 127 32 134 190 
Route #13: 38 46 132 47 85 66 219 44 72 151 24 62 70 222 49 113 101 79 
Route #14: 73 58 
