File: D:\ML4VRP2024\Instances\CVRP\json\X-n228-k23.json exists.
Route #1: 77 202 117 156 170 80 62 74 220 128 1 78 193 
Route #2: 2 32 104 
Route #3: 3 214 
Route #4: 4 14 208 177 
Route #5: 205 5 152 
Route #6: 44 37 164 108 6 
Route #7: 160 43 31 113 174 143 210 96 147 215 7 105 226 
Route #8: 8 
Route #9: 123 153 161 89 199 188 63 107 9 135 46 180 
Route #10: 120 93 10 21 
Route #11: 183 223 66 102 87 11 
Route #12: 195 12 119 171 112 56 196 122 97 165 139 39 64 
Route #13: 116 82 92 144 162 50 88 13 20 
Route #14: 52 15 148 145 137 47 76 110 206 67 36 172 159 83 
Route #15: 71 224 79 16 127 
Route #16: 125 185 175 55 17 
Route #17: 103 225 133 173 191 207 186 189 18 
Route #18: 41 19 216 84 126 169 48 209 95 166 178 34 
Route #19: 211 81 168 154 131 45 22 
Route #20: 60 157 129 227 197 150 179 53 132 187 73 115 49 23 
Route #21: 149 54 24 130 94 
Route #22: 217 25 163 
Route #23: 98 192 26 151 212 222 70 203 146 158 86 100 61 40 57 
Route #24: 118 140 27 184 69 155 124 204 219 85 51 114 
Route #25: 42 106 58 35 176 28 
Route #26: 29 38 91 198 194 200 181 213 59 109 141 138 99 221 201 190 136 111 121 
Route #27: 90 101 218 30 
Route #28: 142 68 134 75 182 65 72 167 33 
