File: D:\ML4VRP2024\Instances\CVRP\json\X-n270-k35.json exists.
Route #1: 1 194 69 113 228 99 67 163 
Route #2: 9 225 168 2 79 96 
Route #3: 118 3 56 61 202 216 137 178 
Route #4: 120 27 51 251 117 65 7 4 
Route #5: 47 5 265 169 24 197 75 204 
Route #6: 212 158 253 152 6 122 97 
Route #7: 81 132 49 37 112 8 103 
Route #8: 38 10 12 72 29 33 31 
Route #9: 159 11 246 161 254 21 
Route #10: 101 102 76 172 190 240 13 
Route #11: 167 262 250 14 115 252 182 74 
Route #12: 15 230 155 43 232 249 
Route #13: 71 200 213 109 19 35 106 16 
Route #14: 108 86 176 121 93 130 46 42 17 
Route #15: 18 123 191 175 241 219 192 
Route #16: 188 41 127 78 20 92 59 25 
Route #17: 48 267 209 135 171 150 22 
Route #18: 94 39 131 119 88 23 129 
Route #19: 147 231 26 220 215 165 
Route #20: 217 28 110 30 186 224 124 
Route #21: 32 77 34 54 64 100 80 
Route #22: 36 235 136 154 141 68 193 
Route #23: 40 142 227 177 153 266 260 128 
Route #24: 214 263 196 187 207 98 44 205 
Route #25: 62 116 107 66 45 60 91 
Route #26: 83 50 125 111 105 126 70 
Route #27: 208 82 269 90 95 52 145 
Route #28: 73 84 184 259 53 87 195 
Route #29: 211 170 229 226 248 63 55 
Route #30: 57 203 206 173 243 164 257 114 
Route #31: 85 144 140 264 238 156 58 134 
Route #32: 244 89 104 234 218 151 183 
Route #33: 247 162 256 133 143 242 139 
Route #34: 189 180 221 201 185 138 245 
Route #35: 258 223 210 160 146 236 
Route #36: 148 179 261 233 239 174 
Route #37: 149 268 199 237 166 181 157 
Route #38: 198 222 255 
