File: D:\ML4VRP2024\Instances\CVRP\json\X-n298-k31.json exists.
Route #1: 58 82 1 200 88 156 153 31 
Route #2: 29 80 71 83 113 30 2 85 10 32 254 
Route #3: 3 240 257 136 138 62 149 50 286 225 
Route #4: 22 163 224 104 81 275 169 26 35 194 4 
Route #5: 154 277 117 218 273 206 5 
Route #6: 6 247 109 93 176 7 15 
Route #7: 151 137 199 8 164 201 40 
Route #8: 291 140 212 197 74 256 150 9 181 123 205 143 284 
Route #9: 89 161 147 213 11 146 243 110 43 
Route #10: 18 111 276 12 283 33 17 264 
Route #11: 13 227 34 234 60 266 258 269 177 
Route #12: 297 233 122 94 28 228 14 
Route #13: 16 107 207 38 77 132 
Route #14: 293 70 135 249 178 48 19 262 51 
Route #15: 248 20 166 128 120 165 127 78 
Route #16: 204 21 252 63 49 209 155 280 260 272 
Route #17: 251 119 27 214 223 23 230 87 187 68 
Route #18: 56 69 61 274 36 170 261 112 239 24 133 
Route #19: 25 142 210 125 217 198 186 99 
Route #20: 47 226 278 39 255 173 171 158 65 174 72 37 
Route #21: 235 124 92 41 285 46 52 219 
Route #22: 242 106 152 108 193 105 84 270 42 167 76 100 
Route #23: 281 294 116 130 292 159 268 179 189 44 
Route #24: 184 103 290 91 101 168 237 134 57 232 45 
Route #25: 53 222 188 220 115 238 90 287 
Route #26: 190 216 54 195 
Route #27: 55 279 64 244 118 221 231 175 97 73 
Route #28: 59 196 208 263 67 271 295 172 211 289 139 121 
Route #29: 86 241 259 96 192 66 144 162 102 
Route #30: 141 191 202 75 265 183 114 296 129 
Route #31: 79 203 145 229 250 246 180 282 215 
Route #32: 126 253 131 95 157 182 160 
Route #33: 148 236 245 267 98 288 185 
