File: D:\ML4VRP2024\Instances\CVRP\json\X-n223-k34.json exists.
Route #1: 9 148 105 1 203 171 
Route #2: 13 45 56 2 72 30 36 73 101 
Route #3: 65 6 11 34 3 93 18 
Route #4: 53 152 4 46 205 118 
Route #5: 132 5 52 12 96 38 
Route #6: 100 25 55 85 61 7 86 
Route #7: 102 173 175 8 196 71 111 32 
Route #8: 10 59 17 109 90 81 75 
Route #9: 134 19 127 155 14 
Route #10: 177 166 193 124 15 207 
Route #11: 54 213 76 16 104 57 
Route #12: 95 20 35 68 79 
Route #13: 21 63 208 169 139 
Route #14: 22 74 164 82 167 49 106 58 180 187 131 
Route #15: 84 62 98 91 29 103 23 
Route #16: 24 130 94 123 135 162 
Route #17: 26 192 37 163 122 
Route #18: 108 119 143 114 27 87 
Route #19: 28 140 172 206 161 
Route #20: 31 78 159 145 115 191 153 
Route #21: 99 211 41 110 33 51 
Route #22: 185 195 197 39 160 201 88 125 
Route #23: 179 40 97 50 83 67 60 
Route #24: 129 218 42 189 168 
Route #25: 43 44 204 158 137 
Route #26: 210 146 116 214 144 47 198 
Route #27: 64 48 217 183 178 219 
Route #28: 216 121 69 181 66 120 
Route #29: 70 188 190 212 113 147 89 
Route #30: 221 77 156 138 
Route #31: 80 182 174 165 186 
Route #32: 136 92 222 126 170 
Route #33: 209 112 176 215 150 107 
Route #34: 154 220 117 200 141 
Route #35: 194 199 151 128 142 
Route #36: 202 149 157 184 133 
