File: D:\ML4VRP2024\Instances\CVRP\json\X-n261-k13.json exists.
Route #1: 159 32 1 241 246 255 179 132 195 99 230 128 58 198 13 204 164 239 
Route #2: 242 162 120 69 160 106 2 157 88 30 126 122 101 23 224 235 146 
Route #3: 166 260 251 254 42 102 171 93 247 59 158 258 3 66 31 34 103 185 249 97 
Route #4: 229 231 16 197 51 104 209 28 50 4 112 43 57 194 25 154 77 
Route #5: 168 259 98 220 40 145 9 55 186 257 155 222 115 33 73 5 125 170 234 
Route #6: 79 139 148 67 213 85 110 86 210 130 225 56 256 193 6 150 169 127 83 223 17 70 238 63 61 201 203 
Route #7: 232 49 7 142 44 212 72 76 161 94 175 108 52 208 252 182 38 47 199 
Route #8: 135 134 253 46 137 107 176 218 71 228 172 89 65 29 140 227 123 20 8 14 152 
Route #9: 75 156 118 202 215 196 84 54 114 216 191 206 87 92 11 219 233 144 189 153 22 10 149 
Route #10: 91 174 53 226 64 116 217 250 26 187 240 68 90 36 151 119 105 12 163 27 78 
Route #11: 15 141 178 214 82 180 41 37 100 48 207 19 80 236 117 111 237 60 
Route #12: 177 62 143 39 188 131 173 45 183 18 138 190 244 205 167 245 95 192 243 248 221 
Route #13: 211 124 109 181 96 74 121 136 184 24 147 200 21 133 81 129 113 165 35 
