File: D:\ML4VRP2024\Instances\CVRP\json\X-n200-k36.json exists.
Route #1: 29 1 124 60 
Route #2: 110 69 81 157 2 
Route #3: 34 71 3 116 93 
Route #4: 4 109 151 62 68 
Route #5: 121 74 5 77 
Route #6: 171 169 102 6 16 138 
Route #7: 158 94 115 152 7 
Route #8: 177 8 166 25 114 
Route #9: 9 144 164 21 141 
Route #10: 10 63 58 28 
Route #11: 31 84 11 162 
Route #12: 18 32 12 178 179 
Route #13: 189 128 13 37 176 
Route #14: 92 55 142 14 145 72 67 
Route #15: 15 104 199 184 122 
Route #16: 186 26 17 167 111 190 83 53 123 182 39 52 
Route #17: 153 191 132 19 89 
Route #18: 20 45 113 48 185 
Route #19: 22 95 127 175 
Route #20: 23 59 119 117 181 
Route #21: 35 66 41 24 43 
Route #22: 76 150 129 65 27 57 
Route #23: 135 105 183 159 149 30 
Route #24: 136 91 33 51 56 
Route #25: 112 90 47 36 107 
Route #26: 195 42 82 131 38 
Route #27: 40 85 106 88 194 163 
Route #28: 118 108 44 99 126 
Route #29: 125 154 78 46 70 188 
Route #30: 196 172 49 61 79 
Route #31: 161 155 50 198 146 
Route #32: 173 54 101 103 
Route #33: 160 174 64 192 
Route #34: 120 73 156 
Route #35: 75 170 133 168 100 
Route #36: 80 86 139 165 
Route #37: 98 97 87 193 187 
Route #38: 96 137 143 197 148 
Route #39: 180 130 147 140 134 
