File: D:\ML4VRP2024\Instances\CVRP\json\X-n280-k17.json exists.
Route #1: 180 138 146 13 62 1 142 
Route #2: 38 121 114 63 67 256 277 116 106 2 222 139 251 171 191 
Route #3: 215 252 113 195 181 3 
Route #4: 151 10 80 4 92 174 221 73 
Route #5: 258 254 232 206 29 8 149 245 201 65 5 
Route #6: 136 54 60 108 210 242 94 268 260 157 101 205 41 117 39 247 36 167 6 150 272 
Route #7: 200 202 199 250 241 203 135 30 164 270 71 49 225 55 118 234 79 145 48 177 179 104 237 7 134 
Route #8: 198 193 166 77 9 269 
Route #9: 147 69 154 11 229 123 46 211 91 76 
Route #10: 213 12 84 86 102 143 
Route #11: 265 14 197 248 22 87 238 184 140 
Route #12: 31 15 240 178 220 185 204 192 107 259 172 
Route #13: 158 103 209 173 231 161 26 212 16 81 110 
Route #14: 133 218 17 226 187 168 227 169 278 
Route #15: 263 159 148 223 160 70 42 233 93 23 271 18 129 
Route #16: 19 144 97 61 163 264 89 68 236 105 130 112 122 32 165 98 255 124 207 85 99 125 137 186 34 
Route #17: 20 90 25 78 115 244 
Route #18: 194 156 51 189 276 216 21 126 267 74 44 162 109 131 275 56 152 35 75 127 120 183 37 274 141 261 27 
Route #19: 153 249 262 214 175 182 66 96 266 273 111 132 43 239 57 28 188 95 253 208 47 246 190 82 24 88 
Route #20: 155 128 83 228 243 230 53 196 176 52 170 100 217 45 257 64 219 40 58 33 50 72 235 119 224 279 59 
