File: D:\ML4VRP2024\Instances\CVRP\json\X-n393-k38.json exists.
Route #1: 8 369 19 4 184 29 78 137 1 129 
Route #2: 152 46 177 2 128 68 136 3 130 69 174 
Route #3: 192 147 187 181 22 133 98 108 5 42 161 
Route #4: 238 111 26 6 57 97 114 37 156 36 
Route #5: 89 178 50 83 150 7 52 17 115 
Route #6: 158 220 154 20 9 61 105 65 58 
Route #7: 358 193 30 10 64 163 112 31 99 41 
Route #8: 170 191 77 118 183 11 44 119 173 144 
Route #9: 311 271 331 12 381 285 197 298 131 387 87 230 
Route #10: 294 165 380 370 262 287 289 13 265 263 
Route #11: 103 360 249 352 100 172 25 14 94 79 124 
Route #12: 138 194 59 166 190 15 182 106 107 
Route #13: 349 323 85 32 16 23 110 62 74 180 
Route #14: 140 102 308 290 368 326 18 255 362 
Route #15: 199 284 155 76 21 253 310 279 224 315 
Route #16: 237 240 48 175 383 339 142 24 167 116 121 
Route #17: 27 306 160 386 122 226 257 45 188 319 268 
Route #18: 34 60 39 43 33 40 28 157 53 196 
Route #19: 218 91 195 189 159 35 168 75 82 117 
Route #20: 344 63 280 317 92 143 342 246 38 95 176 
Route #21: 171 213 234 256 254 202 269 293 247 47 
Route #22: 264 355 309 73 49 126 71 164 96 139 146 
Route #23: 332 378 297 93 101 361 51 217 327 
Route #24: 345 223 54 109 288 211 390 243 225 371 
Route #25: 55 346 242 303 336 148 316 382 304 273 350 
Route #26: 56 231 300 149 88 366 341 113 132 151 
Route #27: 322 272 206 266 324 347 66 228 135 356 
Route #28: 244 169 141 145 104 67 127 179 162 84 
Route #29: 301 86 70 270 251 274 235 353 377 
Route #30: 295 72 209 252 389 221 198 283 286 
Route #31: 250 276 227 80 260 201 374 348 365 233 
Route #32: 81 123 343 372 236 364 337 357 363 
Route #33: 334 203 125 384 120 186 330 90 359 291 
Route #34: 214 299 134 239 376 313 296 392 245 205 318 
Route #35: 212 153 229 241 204 354 258 388 373 333 
Route #36: 185 281 375 216 335 222 232 391 261 367 210 
Route #37: 385 329 307 321 200 259 328 277 314 
Route #38: 305 248 207 338 320 208 312 219 267 351 
Route #39: 292 278 275 379 215 325 282 340 302 
