File: D:\ML4VRP2024\Instances\CVRP\json\X-n322-k28.json exists.
Route #1: 125 97 1 59 126 51 173 317 242 142 101 49 
Route #2: 19 233 2 147 253 210 41 93 67 198 
Route #3: 82 187 5 148 144 3 17 156 96 320 267 
Route #4: 4 219 260 226 40 72 86 13 88 191 258 34 
Route #5: 186 6 220 235 98 200 179 
Route #6: 204 205 296 69 224 73 132 180 309 7 165 
Route #7: 109 230 193 231 252 164 139 8 271 71 111 
Route #8: 103 104 129 302 100 176 154 84 167 9 150 274 
Route #9: 216 137 172 273 161 269 306 30 115 10 
Route #10: 66 174 265 282 122 255 247 301 11 321 238 
Route #11: 110 108 145 12 120 178 85 299 114 314 
Route #12: 14 281 113 68 196 33 182 236 58 262 307 
Route #13: 259 90 288 295 77 194 63 15 48 290 303 248 
Route #14: 163 256 70 249 162 239 87 118 42 223 16 
Route #15: 18 184 106 177 294 319 79 146 135 89 234 
Route #16: 76 55 280 75 20 141 23 272 46 257 287 
Route #17: 192 171 112 195 56 251 243 241 155 277 21 
Route #18: 228 22 285 279 102 197 268 151 105 227 300 246 
Route #19: 244 28 266 36 123 169 278 283 206 212 24 121 189 
Route #20: 245 313 201 211 140 225 44 25 222 119 
Route #21: 275 312 190 183 26 202 311 276 53 133 232 
Route #22: 81 54 208 27 316 65 99 207 213 214 35 43 
Route #23: 39 78 221 175 181 157 136 315 29 92 74 134 
Route #24: 170 50 160 57 128 64 127 185 31 199 203 318 
Route #25: 47 188 32 215 286 237 45 159 60 297 304 
Route #26: 124 292 305 130 61 229 107 37 62 117 38 
Route #27: 289 91 52 116 83 152 264 293 94 131 291 
Route #28: 284 95 80 153 261 209 217 310 168 240 308 
Route #29: 270 143 218 149 166 298 250 158 254 263 138 
