File: D:\ML4VRP2024\Instances\CVRP\json\X-n308-k13.json exists.
Route #1: 277 83 132 270 249 56 29 139 146 13 1 96 142 50 25 
Route #2: 115 195 109 203 307 237 87 31 131 52 102 40 2 72 145 271 43 88 218 127 254 113 283 89 111 61 42 93 
Route #3: 288 53 108 147 143 296 269 282 136 164 103 117 3 49 101 38 135 4 70 
Route #4: 160 258 190 265 30 119 27 48 299 201 7 301 214 45 44 28 272 68 243 5 128 26 
Route #5: 210 291 112 57 234 37 51 153 116 63 6 81 114 118 140 287 193 217 158 208 262 235 289 159 278 75 76 152 36 32 
Route #6: 67 304 245 34 220 244 91 290 252 170 215 73 8 172 305 225 192 33 110 226 151 224 191 306 227 300 179 298 122 
Route #7: 257 247 302 213 66 105 162 9 204 211 94 149 240 232 166 17 23 125 71 264 35 
Route #8: 182 178 206 200 77 20 130 138 121 79 120 295 10 60 276 137 106 97 144 84 41 
Route #9: 54 279 250 176 155 86 261 198 11 281 189 233 238 207 18 64 
Route #10: 133 236 294 209 181 231 184 273 14 219 55 239 47 12 123 
Route #11: 246 177 230 253 212 180 65 100 173 216 165 260 167 154 222 197 196 186 228 95 221 126 15 
Route #12: 256 78 263 194 223 251 229 303 124 69 82 46 168 85 199 266 156 285 175 171 293 248 267 148 39 62 286 80 129 59 16 
Route #13: 187 241 22 58 268 21 90 141 185 150 292 98 205 163 169 297 274 280 157 183 134 188 107 19 242 259 104 24 161 202 275 99 174 255 284 74 92 
