File: D:\ML4VRP2024\Instances\CVRP\json\X-n303-k21.json exists.
Route #1: 208 276 57 170 214 43 287 1 80 48 72 177 73 38 
Route #2: 245 199 189 201 135 290 142 281 2 182 191 155 144 45 132 
Route #3: 147 32 44 261 152 247 181 265 37 3 136 
Route #4: 301 302 33 209 4 165 112 234 42 92 18 126 252 268 150 137 
Route #5: 270 23 249 248 5 193 30 133 283 113 149 244 
Route #6: 6 284 272 178 279 203 116 288 16 206 294 179 88 
Route #7: 256 118 63 238 153 69 115 188 200 246 67 46 162 233 172 83 103 7 58 296 274 196 
Route #8: 198 36 108 123 8 202 163 262 280 195 90 
Route #9: 232 98 76 110 27 243 61 56 25 62 134 77 167 9 
Route #10: 10 71 129 39 251 180 26 96 277 14 229 175 121 20 285 139 
Route #11: 173 220 222 41 260 297 292 17 79 11 263 13 87 
Route #12: 12 293 258 99 146 176 114 236 117 223 231 125 
Route #13: 286 211 148 74 100 94 66 257 227 59 15 85 35 141 159 
Route #14: 298 19 185 128 183 168 28 78 282 64 81 213 269 
Route #15: 224 131 21 241 93 47 197 75 230 299 289 34 242 
Route #16: 215 54 205 217 291 68 239 240 31 156 130 65 22 84 267 105 
Route #17: 184 158 295 143 219 119 109 24 120 127 70 102 161 111 49 212 225 169 
Route #18: 226 29 300 52 166 259 160 174 187 255 194 207 138 145 254 
Route #19: 204 107 50 154 271 151 91 40 86 82 218 
Route #20: 53 192 60 51 210 273 122 164 235 95 264 97 266 171 253 186 124 278 
Route #21: 157 104 228 237 55 216 106 101 221 250 190 140 275 89 
