File: D:\ML4VRP2024\Instances\CVRP\json\X-n359-k29.json exists.
Route #1: 89 354 250 340 26 293 34 63 325 74 1 90 
Route #2: 302 289 198 189 230 91 195 2 169 81 292 38 
Route #3: 3 345 351 42 59 253 9 134 192 232 
Route #4: 137 221 199 187 225 188 211 4 101 20 128 124 176 
Route #5: 5 275 25 157 144 324 248 139 122 218 77 
Route #6: 174 86 318 60 48 6 108 167 148 22 45 12 168 296 113 
Route #7: 66 305 350 201 280 270 136 13 257 72 341 98 7 166 39 
Route #8: 177 172 303 106 50 312 141 110 112 131 84 8 
Route #9: 10 328 357 53 142 78 147 229 251 30 171 
Route #10: 235 246 173 313 247 11 274 310 
Route #11: 316 73 277 32 261 15 111 85 153 158 14 68 
Route #12: 224 16 262 295 206 145 265 244 69 208 24 138 254 
Route #13: 17 150 46 64 126 170 160 163 40 140 67 43 
Route #14: 47 18 194 339 181 287 57 220 278 197 62 213 291 
Route #15: 162 286 183 19 96 161 245 283 116 
Route #16: 133 149 119 52 21 82 152 117 146 105 125 132 75 83 
Route #17: 347 252 156 209 344 51 314 281 255 23 309 65 123 226 58 
Route #18: 87 127 159 29 88 164 307 118 27 44 338 
Route #19: 28 120 130 317 239 190 233 319 273 114 335 
Route #20: 154 205 304 242 212 214 300 31 186 237 294 227 80 
Route #21: 203 268 267 352 282 299 33 272 97 
Route #22: 165 79 49 99 35 204 308 349 342 92 346 94 
Route #23: 236 129 121 202 36 348 321 329 215 326 284 
Route #24: 355 243 238 263 290 323 102 234 276 219 37 151 
Route #25: 249 260 258 288 41 240 332 315 330 343 320 103 61 334 55 
Route #26: 178 93 193 95 115 217 54 223 306 184 358 322 327 
Route #27: 185 297 331 182 231 56 266 337 143 311 76 135 
Route #28: 104 216 269 70 241 256 285 200 71 271 
Route #29: 109 222 107 191 155 100 196 210 207 264 333 
Route #30: 175 353 259 179 298 356 279 336 301 180 228 
