File: D:\ML4VRP2024\Instances\CVRP\json\X-n317-k53.json exists.
Route #1: 164 260 185 255 150 1 
Route #2: 92 198 127 202 312 2 
Route #3: 169 168 24 3 41 75 
Route #4: 308 248 261 281 132 4 
Route #5: 201 5 246 67 16 126 
Route #6: 93 257 299 129 6 19 
Route #7: 274 269 22 7 43 233 
Route #8: 96 208 8 229 38 292 
Route #9: 82 141 88 227 69 9 
Route #10: 10 178 204 37 313 217 
Route #11: 161 145 11 242 205 62 
Route #12: 287 314 12 157 220 97 
Route #13: 192 273 13 207 138 196 
Route #14: 108 289 14 113 265 181 
Route #15: 78 15 155 85 42 154 
Route #16: 17 18 95 133 81 134 
Route #17: 20 216 277 288 258 131 
Route #18: 264 21 162 311 143 302 
Route #19: 213 103 148 72 23 144 
Route #20: 102 290 170 25 283 254 
Route #21: 167 26 310 66 304 86 
Route #22: 251 40 221 223 193 27 
Route #23: 94 80 309 256 28 91 
Route #24: 87 29 176 179 191 163 
Route #25: 270 247 307 183 106 30 
Route #26: 31 156 263 124 159 140 
Route #27: 303 32 240 60 237 282 
Route #28: 33 212 210 54 174 122 
Route #29: 53 109 49 52 293 34 
Route #30: 195 180 226 35 199 218 
Route #31: 272 36 294 46 115 100 
Route #32: 316 230 166 73 39 98 
Route #33: 105 241 44 298 59 266 
Route #34: 118 276 165 206 45 215 
Route #35: 177 137 47 147 278 114 
Route #36: 262 194 268 271 48 173 
Route #37: 225 83 50 99 90 84 
Route #38: 236 197 79 76 51 172 
Route #39: 55 152 301 57 74 153 
Route #40: 125 130 112 234 239 56 
Route #41: 58 214 232 209 142 104 
Route #42: 61 259 200 253 135 250 
Route #43: 63 101 252 305 245 219 
Route #44: 171 68 187 64 184 117 
Route #45: 65 120 228 110 280 70 
Route #46: 151 71 235 123 149 182 
Route #47: 203 189 77 139 107 190 
Route #48: 222 244 275 286 231 89 
Route #49: 211 175 119 279 111 160 
Route #50: 284 243 267 121 116 295 
Route #51: 128 146 136 186 291 285 
Route #52: 297 158 249 300 238 224 
Route #53: 315 296 188 306 
