File: D:\ML4VRP2024\Instances\CVRP\json\X-n327-k20.json exists.
Route #1: 33 92 216 167 290 201 1 316 146 18 109 
Route #2: 166 274 83 281 261 293 226 182 252 260 39 310 2 147 143 189 
Route #3: 141 149 300 324 153 99 35 202 305 27 283 257 122 71 3 4 76 
Route #4: 287 56 127 235 32 34 130 93 151 82 51 97 5 123 75 54 142 
Route #5: 181 110 70 191 299 326 6 106 187 37 193 276 140 19 132 113 
Route #6: 63 78 88 7 308 313 66 254 40 277 309 24 280 121 21 144 107 
Route #7: 228 50 246 302 100 8 319 256 321 206 209 168 315 229 85 240 62 14 
Route #8: 292 105 67 112 53 26 114 64 29 98 9 73 133 115 90 77 38 
Route #9: 278 145 134 286 225 173 291 233 10 43 242 139 101 104 84 119 11 
Route #10: 248 23 188 295 192 179 307 12 234 183 16 155 47 59 158 91 
Route #11: 185 222 243 159 49 267 284 269 199 177 108 136 160 80 13 230 
Route #12: 125 289 48 30 197 120 271 87 249 95 15 264 323 44 28 135 156 
Route #13: 96 227 232 176 169 17 208 200 318 124 297 194 259 171 184 212 
Route #14: 272 137 311 20 223 154 296 221 210 266 174 103 301 128 81 89 
Route #15: 163 138 207 306 178 322 164 258 36 285 61 231 116 118 22 45 150 
Route #16: 255 298 238 57 241 42 72 131 320 204 68 60 129 74 52 25 275 
Route #17: 190 251 217 198 279 288 325 41 117 86 203 152 161 69 31 162 46 
Route #18: 262 304 186 224 303 205 55 244 170 172 111 211 180 312 102 317 218 
Route #19: 58 219 268 253 263 236 165 237 195 282 148 250 157 213 270 239 
Route #20: 294 126 247 220 245 265 214 273 196 215 175 79 94 314 65 
