File: D:\ML4VRP2024\Instances\CVRP\json\X-n367-k17.json exists.
Route #1: 267 231 230 139 49 279 152 283 140 201 115 319 301 308 116 238 69 284 344 263 332 270 290 337 94 1 184 304 
Route #2: 233 362 353 296 207 2 298 42 326 300 7 348 364 342 155 229 
Route #3: 320 186 312 156 354 288 3 216 336 307 293 111 240 113 261 50 32 196 244 161 142 146 
Route #4: 129 138 47 82 241 45 277 258 75 4 357 73 20 221 
Route #5: 188 212 363 22 350 172 5 268 305 
Route #6: 218 159 158 226 79 101 64 183 311 26 6 209 274 
Route #7: 322 165 345 119 166 126 286 259 222 8 124 90 88 67 162 192 321 95 232 249 37 333 285 211 282 205 120 105 299 
Route #8: 287 355 194 163 61 214 219 223 242 170 190 9 160 351 189 271 252 33 97 280 81 
Route #9: 27 19 204 292 10 358 243 278 51 359 325 53 34 
Route #10: 314 68 197 174 92 137 187 128 11 74 102 176 16 134 65 
Route #11: 107 210 198 153 24 178 200 151 366 329 12 339 
Route #12: 100 255 217 234 324 31 71 77 44 72 157 91 220 180 141 109 13 302 89 365 341 55 306 
Route #13: 78 167 154 171 239 135 14 317 118 264 123 260 253 328 
Route #14: 347 150 294 208 46 87 262 30 130 63 250 338 15 228 289 96 349 110 99 340 269 297 
Route #15: 80 18 121 83 248 331 144 103 52 145 84 17 352 
Route #16: 281 334 247 195 56 310 272 181 104 246 70 177 265 25 57 147 39 179 227 149 360 251 21 35 43 215 276 59 48 93 127 224 275 132 
Route #17: 28 346 313 169 85 309 191 257 122 29 318 273 23 58 168 131 173 236 330 98 106 213 62 
Route #18: 254 356 76 66 237 40 225 323 133 193 60 185 206 343 266 38 175 361 327 164 316 315 117 148 114 125 112 136 335 143 54 108 235 202 291 245 36 
Route #19: 41 295 86 199 256 303 182 203 
