File: D:\ML4VRP2024\Instances\CVRP\json\X-n331-k15.json exists.
Route #1: 268 149 308 108 99 9 237 235 1 41 71 159 288 48 118 18 80 77 4 114 67 315 31 
Route #2: 2 52 292 211 119 127 47 277 
Route #3: 50 176 220 266 262 53 141 205 154 256 6 100 200 103 155 227 254 218 318 112 325 192 3 
Route #4: 224 206 305 245 265 182 160 309 88 174 137 21 132 269 84 287 162 234 226 107 282 5 253 
Route #5: 34 279 196 233 313 91 201 210 96 297 33 92 7 51 217 240 170 324 128 138 185 167 194 
Route #6: 8 173 28 195 281 212 198 295 23 298 95 187 30 65 158 329 143 203 230 25 151 244 150 
Route #7: 255 191 69 285 323 105 299 49 294 42 10 16 142 97 147 168 144 169 89 59 86 63 94 
Route #8: 12 102 32 280 90 134 284 267 243 207 140 64 165 11 113 304 57 85 135 136 239 61 161 
Route #9: 275 121 326 22 124 43 26 178 199 29 215 317 322 301 45 188 238 231 56 14 13 261 19 
Route #10: 177 164 166 15 228 300 257 248 274 129 306 66 76 183 157 101 273 179 225 70 190 37 20 
Route #11: 197 223 130 17 62 40 72 172 263 247 82 131 314 319 125 316 110 175 251 259 293 258 36 
Route #12: 126 229 106 145 109 24 39 328 303 250 213 79 153 122 276 163 236 272 320 327 98 186 55 
Route #13: 117 83 189 44 222 214 115 54 219 193 252 270 310 156 58 74 148 68 296 27 78 171 209 
Route #14: 104 278 202 46 307 249 291 60 123 271 184 38 181 260 264 73 311 139 312 286 289 330 35 
Route #15: 242 216 208 87 75 221 283 241 93 246 290 133 81 302 321 232 152 180 116 111 120 204 146 
