File: D:\ML4VRP2024\Instances\CVRP\json\X-n351-k40.json exists.
Route #1: 196 89 251 109 1 296 243 258 80 229 
Route #2: 156 276 77 293 2 30 
Route #3: 214 3 212 323 99 244 117 280 119 
Route #4: 4 76 168 306 157 195 33 166 
Route #5: 332 6 125 192 171 5 326 298 
Route #6: 241 53 25 37 7 64 199 190 54 
Route #7: 16 8 179 135 66 284 272 
Route #8: 233 218 31 274 73 178 281 9 87 142 314 158 
Route #9: 250 198 273 170 57 10 84 
Route #10: 74 317 82 247 116 234 172 227 11 282 
Route #11: 322 95 14 291 349 145 12 345 115 160 
Route #12: 29 132 100 96 337 13 148 197 58 
Route #13: 46 92 151 307 288 304 226 41 15 
Route #14: 342 137 315 188 17 275 268 124 245 271 
Route #15: 18 279 231 206 86 210 256 205 223 70 36 270 263 
Route #16: 139 69 72 19 333 341 136 
Route #17: 20 224 169 299 300 221 327 141 
Route #18: 177 237 253 55 290 21 106 
Route #19: 216 285 335 22 228 203 222 
Route #20: 79 267 23 343 91 162 38 211 219 
Route #21: 153 62 134 44 94 338 90 207 24 312 
Route #22: 289 239 235 346 65 330 26 174 
Route #23: 155 238 110 154 260 27 217 103 
Route #24: 255 32 191 294 167 165 265 28 208 
Route #25: 34 187 97 59 261 61 164 
Route #26: 350 230 35 189 329 113 114 
Route #27: 347 138 78 309 254 104 39 242 
Route #28: 336 259 43 173 311 249 111 40 204 
Route #29: 51 175 102 297 130 42 303 193 107 248 128 63 
Route #30: 202 131 209 45 305 
Route #31: 127 88 215 81 83 47 176 201 236 184 
Route #32: 120 213 150 48 324 149 163 144 
Route #33: 278 98 183 60 287 152 220 129 49 
Route #34: 318 331 50 194 123 
Route #35: 121 308 93 295 52 118 126 186 269 
Route #36: 232 133 108 56 340 334 
Route #37: 286 161 320 143 67 68 
Route #38: 283 85 146 225 147 310 319 71 185 
Route #39: 348 122 200 325 328 75 264 101 257 292 
Route #40: 112 301 140 105 252 246 321 
Route #41: 240 262 339 182 159 344 316 313 
Route #42: 277 302 181 266 180 
