File: D:\ML4VRP2024\Instances\CVRP\json\X-n384-k52.json exists.
Route #1: 213 169 116 205 199 210 1 
Route #2: 223 369 334 146 2 271 263 
Route #3: 283 8 354 3 246 106 275 
Route #4: 361 4 321 289 68 305 366 180 
Route #5: 66 348 6 5 16 278 288 
Route #6: 312 372 171 7 317 256 
Route #7: 299 144 373 86 64 9 293 
Route #8: 362 53 327 279 10 188 337 
Route #9: 236 138 67 331 145 11 
Route #10: 55 225 12 349 32 287 
Route #11: 280 204 13 77 136 162 
Route #12: 207 148 59 241 147 217 14 
Route #13: 189 198 231 215 15 132 243 
Route #14: 58 17 141 222 330 193 
Route #15: 382 18 379 196 340 277 284 
Route #16: 335 19 126 261 79 128 314 
Route #17: 249 45 176 20 129 33 103 
Route #18: 234 21 44 90 172 227 100 
Route #19: 22 218 34 174 92 329 56 
Route #20: 270 298 292 178 131 23 
Route #21: 24 173 359 306 303 121 338 
Route #22: 99 25 101 258 88 320 158 
Route #23: 167 26 153 326 102 52 69 
Route #24: 242 344 51 156 120 374 27 
Route #25: 112 28 124 164 324 40 216 
Route #26: 29 165 235 272 291 113 260 
Route #27: 130 363 154 229 30 50 214 
Route #28: 383 313 192 31 185 358 122 
Route #29: 322 333 35 294 115 75 295 
Route #30: 269 184 274 94 175 78 36 
Route #31: 134 49 97 105 46 251 37 
Route #32: 38 42 125 228 89 296 310 
Route #33: 325 339 281 226 308 376 39 119 
Route #34: 371 62 248 41 157 370 315 233 
Route #35: 352 43 65 319 377 150 
Route #36: 355 47 118 297 155 140 83 
Route #37: 187 108 70 181 195 48 123 
Route #38: 273 245 345 98 133 190 54 
Route #39: 341 238 342 201 57 104 356 
Route #40: 282 351 206 191 168 60 237 
Route #41: 336 61 304 311 166 186 93 
Route #42: 177 82 63 380 109 350 80 
Route #43: 127 84 364 316 71 262 328 
Route #44: 346 96 240 360 182 72 202 
Route #45: 183 343 194 353 87 73 81 
Route #46: 259 111 142 74 365 265 264 
Route #47: 254 220 208 76 244 137 
Route #48: 85 357 
Route #49: 286 239 91 255 253 266 290 
Route #50: 95 200 170 230 179 114 300 302 
Route #51: 368 197 267 247 232 378 107 
Route #52: 209 139 110 152 323 332 276 381 
Route #53: 117 161 221 268 347 211 159 
Route #54: 160 151 301 307 135 250 
Route #55: 143 203 257 309 224 163 375 
Route #56: 367 318 149 285 219 212 252 
