File: D:\ML4VRP2024\Instances\CVRP\json\X-n344-k43.json exists.
Route #1: 1 152 124 292 176 342 198 
Route #2: 188 171 6 2 5 98 114 164 
Route #3: 113 92 154 62 17 119 3 159 
Route #4: 241 11 45 313 291 4 108 
Route #5: 325 104 145 7 20 37 156 49 
Route #6: 8 30 302 168 214 138 265 232 
Route #7: 75 157 9 78 140 183 279 320 
Route #8: 332 88 128 237 204 10 46 192 
Route #9: 208 218 202 205 12 151 51 
Route #10: 126 117 155 166 162 13 286 
Route #11: 77 195 132 285 14 81 278 
Route #12: 142 130 185 15 246 72 224 234 304 
Route #13: 16 290 271 194 186 326 328 169 
Route #14: 337 238 55 27 18 101 
Route #15: 111 107 19 189 220 38 153 
Route #16: 211 331 172 67 21 59 137 163 
Route #17: 212 206 295 217 219 22 91 83 
Route #18: 115 26 296 167 58 95 253 23 
Route #19: 24 330 293 245 308 70 216 
Route #20: 61 25 74 254 148 235 28 86 
Route #21: 343 66 79 178 191 327 120 29 179 
Route #22: 31 239 270 318 233 80 161 90 
Route #23: 229 35 43 123 32 249 87 316 
Route #24: 336 324 301 297 175 33 129 
Route #25: 340 267 121 197 100 34 60 
Route #26: 263 281 282 207 64 36 139 
Route #27: 250 158 39 65 149 144 231 150 
Route #28: 44 40 82 321 63 310 287 256 
Route #29: 209 50 48 125 102 41 309 105 
Route #30: 201 335 317 276 210 300 42 
Route #31: 306 160 180 131 54 99 69 89 47 
Route #32: 112 52 266 103 53 56 274 323 
Route #33: 57 226 225 84 264 133 73 
Route #34: 187 68 196 177 280 141 294 109 
Route #35: 341 299 71 252 303 170 97 
Route #36: 272 76 110 312 339 260 135 94 
Route #37: 136 257 248 268 184 240 85 
Route #38: 93 333 247 200 243 174 329 
Route #39: 190 96 215 314 193 227 311 
Route #40: 213 106 223 261 230 305 288 116 
Route #41: 118 143 147 338 181 228 244 
Route #42: 122 322 319 182 277 165 307 236 
Route #43: 284 258 242 334 273 199 283 127 
Route #44: 275 262 203 289 134 315 269 
Route #45: 222 255 173 259 221 251 146 298 
