File: D:\ML4VRP2024\Instances\CVRP\json\X-n401-k29.json exists.
Route #1: 143 217 43 103 190 1 188 56 65 165 88 232 255 80 340 377 319 257 305 75 86 223 61 286 47 
Route #2: 233 37 393 2 278 283 26 82 
Route #3: 3 234 159 382 331 91 389 186 44 182 
Route #4: 30 277 254 207 104 390 276 69 313 187 4 248 36 180 55 148 153 370 355 300 206 19 258 314 385 158 131 294 383 
Route #5: 144 194 118 312 376 127 268 261 92 87 5 
Route #6: 22 235 361 114 332 89 380 132 66 336 6 
Route #7: 120 213 299 324 152 29 7 240 168 95 40 
Route #8: 157 8 155 341 321 32 367 325 46 391 328 
Route #9: 209 166 347 262 51 330 246 354 9 285 
Route #10: 292 39 45 212 35 96 337 10 24 124 
Route #11: 149 259 253 247 266 196 378 310 289 366 353 279 329 11 241 288 85 151 57 117 
Route #12: 375 42 12 326 70 77 219 348 350 
Route #13: 13 121 203 171 167 351 98 388 126 
Route #14: 83 176 214 41 14 94 59 252 111 345 100 
Route #15: 60 371 222 15 115 302 293 218 272 
Route #16: 177 239 130 338 93 362 343 226 372 179 250 160 333 204 208 122 342 396 141 298 181 273 63 16 296 109 28 200 317 387 
Route #17: 264 356 369 48 161 318 381 256 17 173 125 
Route #18: 68 169 198 81 21 306 18 31 335 210 373 
Route #19: 146 156 102 297 322 183 280 49 236 140 64 101 110 163 243 308 384 20 78 108 225 73 27 
Route #20: 307 154 58 230 129 309 23 195 346 99 
Route #21: 392 216 260 238 205 25 106 105 112 84 339 374 245 242 
Route #22: 178 334 316 304 215 327 301 145 229 360 237 349 358 295 398 323 97 199 379 320 62 175 284 138 274 137 116 267 33 
Route #23: 50 147 202 139 172 400 34 290 193 281 231 244 
Route #24: 211 150 275 135 359 174 291 185 38 
Route #25: 315 270 133 357 189 269 54 399 170 142 52 119 
Route #26: 74 395 53 191 282 107 90 263 228 
Route #27: 221 344 365 249 220 113 368 67 394 
Route #28: 397 265 184 71 192 123 386 287 
Route #29: 162 363 72 364 134 352 224 201 303 
Route #30: 79 76 136 128 227 311 197 164 251 271 
